* 1 1 2 3 4 6 13 18 19 20 22 23 25 28 30 31 33 35 39
* 2 1 1 3 5 17 18 19 20 22 25 31 33 38
* 3 1 1 2 4 6 10 11 12 14 25 33 38 39
* 4 1 1 3 8 13 11 12 14 20 22 24 35 39 32
* 5 1 2 7 8 25 28 29 22 28 32 33 34
* 6 1 1 3 9 13 14 15 20 21 22 24
* 7 1 5 8 10 14 18 19 28 29 31 33 38 39
* 8 1 4 5 7 9 10 14 15 18 19 20 21 25 26 27 28 33 34 37
* 9 1 6 8 10 12 14 15 16 18 22 23 25 29 33 38
* 10 1 11 12 1 5 8 5 22 24 25 26 33 38 39
* 11 1 12 13 14 15 16 17 18 5 6 7 33 39 
* 12 1 7 8 9 3 4 5 6 7 16 14 18 22 38 33
* 13 1 7 8 9 10 11 12 15 16 17 18 29 33 34 36 37 38 39 40
* 14 1 7 8 9 13 15 3 4 5 6 8 9 10 34 37 38 39 40
* 15 1 5 8 10 10 11 12 19 20 22 37 39 40
* 16 1 6 8 9 21 22 24 25 29 30 31 33 36 37
* 17 1 3 8 9 23 24 22 29 38 37 33 35
* 18 1 2 8 10 20 11 13 14 19 20 25 33 48
* 19 1 1 8 9 12 14 16 18 19 33 32 38 39
* 20 1 3 4 9 19 21 22 23 29 30 31 38 39
* 21 1 4 8 9 11 12 14 18 19 20 33 39
* 22 1 5 8 9 14 15 18 19 20 21
* 23 1 6 8 10 15 17 18 22 21 
* 24 1 7 8 9 4 11 12 14 15 18 21
* 25 1 2 8 9 12 13 14 18 19 20
* 26 1 4 8 10 14 15 18 19 22 21 22
* 27 1 5 8 9 15 17 18 20 21 22 23 28
* 28 1 3 8 9 11 12 13 14 20 21 22 24
* 29 1 2 3 4 5  9 12 14 18 19 20 22 28
* 30 1 1 2 11 14 15 18 19 20 21 26 27
* 31 1 1 3 14 15 17 18 20 21 22 23
* 32 1 1 4 12 14 15 18 19 20 24 26 27 30 31 33 36 38
* 33 1 2 5 9 14 15 16 17 20 21 26 27
* 34 1 3 6 9 14 15 17 20 21 26 27 30 31 32 38 39 40
* 35 1 1 7 11 14 15 18 19 20 22 23 24 25 26 27 40
* 36 1 4 8 13 15 17 11 22 24 26 27 38 39
* 37 1 5 9 12 3 4 7 19 20 21 26 27 29 33 34 36
* 38 1 1 10 9 7 11 13 15 16 17 19 20 21 26 27 30 35 
* 39 1 6 8 14 7 12 14 19 20 22 23 24 26 27 31 32 33 34 35 37 38 40
* 40 1 1 8 9 14 11 15 19 20 21 26 27 28 29 33 34 36 37 
# 1 2 0.0
# 1 3 0.0
# 1 4 0.0
# 1 6 0.0
# 2 3 0.0
# 2 5 0.0
# 3 4 0.0
# 3 6 0.0
# 4 8 0.0
# 5 7 0.0
# 5 8 0.0
# 6 9 0.0
# 7 8 0.0
# 7 10 0.0
# 8 9 0.0
# 8 10 0.0
# 9 10 0.0
